RFID
-132.1938
-3.090286
47.68081
1
0
0
0
-74.31384
27.30971
41.28081
0.7071067
0
0
0.7071068
-103.8938
27.30971
-22.41919
0.4999999
0.5000001
0.5
0.5
-150.3938
27.30971
18.88081
-1.152023E-07
0.7071068
0.7071067
-1.152023E-07
-124.5938
27.30971
64.9808
0.4999999
-0.5000001
-0.5
0.5
Ultrasons
-98
15.57
66.2
1
0
0
0
-74
14.92
68.091
0.7071067
0.7071068
0
0
-94
14.92
68.45
0.7071067
0.7071068
0
0
-114
14.92
68.45
0.7071067
0.7071068
0
0
Pression
-1.273918
0
0.8522072
1
0
0
0
Mouvement
44.9
29.63103
78.29169
1
0
0
0
44.4
29.63103
78.29169
0.7071067
0
0
0.7071068
